$ANSIBLE_VAULT;1.1;AES256
33646565333764653332373838663939396339303763333163663437646266613665663234376331
6166663035386338656338383332663236323732313534630a353431646361346135313333623939
64396364663233326437313132363662353436346637343063363236613538366530363065393662
3935396466383934660a636333376563646466636435326235353062323439353132616430623733
61333937313462323238646264633635653532623634306535313832656261336235363631653461
63396261656566313364383932326663626339303630373865666330633837613664656236306131
33656162306662633363633534346334656662313163316335333934383665656531323934333539
31353132333437653261633337326264613934643831373461393765356265383466336466383934
39373636636365393366633232383936663738633464393563663736386431373238386533343236
34633631613839666236646234623963313230343739356135653632616661363639643138643531
36396364623238386331393765386431316535323561653461316630326563373437633835636564
64316438393034396361386432653938313864373534343432313762633935323635313464373130
31633865383362363932323731373364616232306164313461323138666365666233323333653362
65306161323930393132326438646365343835653937373961613331383661613963396463343062
34623061383938303165373336356533343031346562373937333133623939386163356635616631
39626263316261323935626639313631636662366162393765303538336636343930653863363933
37313130626334646435663435383261313734633630363237613061333536323734356165376234
30386232343861646666663532396336336530653164646331366461313832303233316234613433
34313430613936323039613137326566393232303638633061323766643035303435393762346431
36623535656630613532343265396264383033643037366663343637383536666439363430373463
31666635363866666330393262313538363535336134356635316534353362646463326537613335
64633664636439366239646262303161323839663962666263636564356235343566613233316535
38623562396265343637336562353836663737643937386133666666323561363865346163343933
30366663663365343864313438343030313630396332323966313839373932386465663033363832
61356137316433633536313230346164343963363665623535303037663164363361636335363837
66373530373838346562376537303665343562303963363462383334656563313964353831303132
37373164656437623139373836643264316465363461626265626336386531323664323031393634
36323766643736653830663664663563636436396330646664373366313364613132646166376663
31343734386331303131356439346261336233303235663233653130383264663637343334643361
64616632363039333835356662613366336565396534643563333939346136656362346431373766
39396231373634383837386538663632313838663861366362386435366664356434623939666535
32636132633131646135346637383333356237323662383361353664396264323530316539386335
66323532323636633035366138396137316138623932613166366233353135393966356139666538
38343531646131396265336565393733353131306536313035326135343838333865633332383231
32363730613765663437353830303761663135396130323437303365623737386162393132396337
35613430356462323532623830623538653462346430383263363435303162383361626331393430
66316430643933326662306630633566356132656566656538623235346663356361383137636533
33646562353233323338393665633633333162373966376637303731396464303266363933373763
35363833613334353838383233303138393066633562386337616535383630393234613233616163
39643137313962393634326536343861353132313033303762653566623834336437346432666366
34663565366563336135306566376561646164393831326664336338623030386164383630326165
62643163363666366264383334646135306463356161623732656665313139663733643865313936
66316561316337336139316164313433363733653666616563343138386564636234376661643130
65393833333936363161326436353464343637663737363263333564653965616330333331343864
65373137356465386432656661623234336233376137363861316430363765363538663261636237
37396433373537316430623562663732396466616634313661333764326535356133326536646133
61336137666237353836356461383966653837663461323665393566663237626564373034393739
31653132356433316665666638666135383137613734373862313132643530636565336332313065
65643761316464646335353834623861393333633635393639356161303862303363626139323763
62363761353166323262646564376435373931616531323339386436633630633532643864383531
62646135333962343337323265343137383361636239653032663230393537663636346138396264
63363630303563623235393464303037623030313630333565633238653031326463306137336133
61333430323562623238323734383234616461393639323836633533363763363933626231666363
65333131383135326335363461613034386538643439646434373265656330333665653032613833
32633966363039373136333131333832386530393264333134613830373130323263313239353862
38376236346138306663353562343564613262656636373034363338386531363830363738653764
37373137306266336232626462313463363761633538343435323538333565643335363733653365
31616233313337646331663861636331623966373236333465656163386135613936626461313737
38386632323630373061663932373562383264633464386134616432306533323336633336333038
39653261373564366330643634366138303939613165333931383538636361393036333961313036
37623233636231326666623165393735616533396337653931313136623862633866326132376565
65353039336131333337636363303666616565343831313464643762326565306633643031353239
36613266653261316531656235383530333330353235356639303930376538633234356434383437
63623536313037323066663531636463373464633136336432366336636533646563383837396130
33376362326266316639333737386239363666393864613037666635316430386461336532336133
62346162666430363734353831663934386334366337373164346139333532303932366161356438
33663830616365393061616634303630633564316630306331316165613637663635663062386263
61343131356664316434623263616632643765626530383462613866346339353763393631346530
64613063353065333932633062633136386639383535323630346433663537363062613334376530
65313861616435373737623136343437656331393363326236303431353866346632623631633763
36653666653135383634653730316666393461356661616438353231326336383137333039383731
35323730366663386438356234303237623531363066663035616238383664313631376130356636
62666233353962656434623736373364333164396532323737376233383837316435623830303361
38636539356538636139613962666536383238306130346530306566353537396461643061653564
38313665643637316433373431643565393566656631366533336331323664373831646339313032
39393162346533343230313236313066333033343636353164636230643864376336323433643333
32303838333332643732623936306139383235363563643834663030633336373263323537663139
62313762646333643231646636353236396233383165343238343037363762363434656131366233
33366237386239346631363639393333663839366430636561663163666665626134663262633638
64303164333736653630366161653762316563313238373130333566313035616262316365393464
35656135383633373863666434393236656630383932383736376338376466346366633833633965
66336661383765613239366332376639363732366637636335363239393564646164366634323364
31373738373634616163323832376664333831326664626336373764616262376166653566653533
31316432333533396130363130376662343431653733356539373635383138663831643433653661
32383036623166336531636666383437353938323063613238326431313738656664306130636234
66646465313138313661353438383064363263323737623934323436313933346164363535643931
62326462613764353764363961633466626133313964303430356632616666313732626664373634
65623764363937346533
